-0.8 6.2 5.3
-4.9 -0.5 0
-7.2 -1.7 0
-5.9 3.6 2.5
-0.4 4.7 0.6
1.7 10 0
1.4 8 0
1.6 12.3 0
5.8 10 0.5
1.8 8.7 0
0.7 6.8 0.1
-3.7 1.3 0
-1.7 6.9 1.1
3.8 13.2 0.8
3.3 7.3 0.9
2.5 5.7 0.2
1.9 4.4 0
2.8 5.2 0.2
2.2 7.2 0.7
4.7 11 3.3
3.7 8.1 5.5
4.8 8.1 0.1
3.1 7.4 1.7
-0.8 4.3 0
-0.1 2.7 0
1.9 4.1 0
-0.8 4 0
1.4 3.6 0
0.6 4.1 0
0.7 4.7 0
2.9 5.6 0.4
3.2 6.7 0.6
3.6 7.2 0.8
0.2 7.8 0
1.4 8.3 0
2 9.1 0
-0.8 7.2 0
1.4 8.1 0
-0.3 7 0
0.3 5.9 3.7
-0.3 4.2 0
-0.3 3.5 0
-4.9 0.7 0
-4.7 -1.1 0
-4.7 -1.5 0
-6.4 -2.6 0
-7 -2.7 0
-6.7 -3.3 0
-9.6 -3.3 0
-13.5 -6.1 0
-13.7 -3.7 0
-12.6 -2.6 0
-10.8 -4.3 0
-5.2 4 0
-0.1 8.4 0.5
-7.6 0.6 0
-8.5 -4.1 0
-6.8 -1.1 0.1
-4.8 1.7 0
-5.5 3.2 0
-4.9 1.8 0
-5.6 2 0
-0.2 4.1 0
-0.6 1.6 0
-0.3 8.9 0
0.4 8.2 0
0.4 5.3 0
-3.4 3 0
-1.8 1.7 2.9
0.7 8.2 0
3.6 10.5 0.2
-4.8 4.4 0
-7.7 -2.7 0
-7.3 2 0.3
-1.2 2.8 0
-4.6 -0.1 0.3
-5.9 3.6 2.7
-4.7 2.7 0.1
-5.2 0.1 0.6
-5.3 -0.5 12.5
-12 2.3 0.2
1.9 12 0.5
1.8 12.2 0
0.8 6.8 0
0.2 9.3 0
0.2 6.5 0.1
-3.3 1.4 0
-1.8 4.2 0
-2.2 7.7 0
-0.8 12.9 0
2.2 9.7 0