-19.2 -9.9 0
-21.9 -13.4 0
-19.3 -9.8 0
-12.8 -6.9 0
-8.6 -5.6 0.2
-10.1 -3.5 1.7
-3.6 1.2 0.1
-1.6 0.8 0
-1.5 1.8 1.3
-2.4 1.6 0.2
1.2 2.6 0.6
0.7 4.5 8.3
0.4 3.1 3.4
0.1 7.7 3.3
0.9 3.3 0.3
-0.4 5.1 0.6
3.1 7.6 3
2.7 7.6 0
1.1 2.7 0
-0.1 1.7 1
1.1 6.1 7.2
2.3 6.6 4.9
-2.1 6.6 1.6
-2.4 2.8 7.4
0.4 3.3 3.7
-3.2 0.6 3.9
-7.3 -2.4 5.4
-7.8 -2 1
-13.6 -3 1.2
-13.7 -9 0
-10.8 -2.3 0
-6.1 2.7 0
-1.4 5.4 0
-4.4 1.7 0.4
0.6 1.9 0.5
1.2 2.7 0.5
-2.8 2.6 2
-5.7 -0.6 0.5
-7.7 0 0
-1.2 0.9 0
-0.6 0.5 0
-8.4 -0.5 0
-6.2 1.7 0
-0.8 1.3 0.4
-4.6 0.2 1.5
-14.3 -4.5 0
-12 -3.8 0
-7.4 -4.4 2.6
-5.4 0.5 2.3
-3.3 -1.1 4.3
-2.8 2.3 3
-8.6 -2.2 1.1
-3.8 0.5 0.9
-2.3 1.4 5.8
-3.8 0.9 0.5
-7.3 -3.6 0.2
-8.1 -4.5 0.6
-6.6 -4.5 0
-10.8 -1.6 0
-10.2 -2.8 0
-7.4 -4.2 0
-8.1 -4.3 0.2
-13.3 -5.7 0
-15 -1.7 0
-15.6 -3.6 0
-8.2 -2.5 0.3
-9.4 -1.5 0
-11.3 2.4 0
-4.6 2.5 0
-5.2 -0.2 0
-6.5 3.4 0
-8.2 4.8 0
-2.1 6.7 0
-1.2 8.2 0
2.9 10.1 0
3.7 7.3 2.2
3.8 9.3 3.5
1.5 6.5 4
0.3 5.1 6.6
-0.6 5.4 0.6
3.3 12.2 0.4
-1.4 11.4 2
0.7 8.8 4.7
-1 6.1 1
-2.8 5.2 0
-4.7 5.3 0
-1.4 2.5 7
-0.3 2.6 7.9
0.6 2.9 6.7
-0.3 4.4 1.7
0.2 4.3 4.3
1.1 5 0.6
3 8.4 1.6
2.7 10.4 0
3.9 9.9 0
4.5 8.4 0
5.1 8.1 6.4
2.6 11.4 0.1
-1.7 9.2 14.4
-2.5 -0.1 6.6
-2.4 1.7 0.9
-7.3 6.4 0
-1 2.5 0
-1.6 7.1 0
0.6 7.8 0
-2.3 4.9 0
-1.9 10.5 0
1.1 11.3 0.1
3.9 9.8 6.8
-0.6 4 2
-2.6 8.3 0
-2.1 14.4 0
5.2 20 0
7.5 22 0.7
9.7 24.3 0.5
9.5 24.5 1.6
10.4 23.5 0
11.5 23.9 0
9.9 24.3 0
8 19.4 0
5.1 18.4 0
8 14.8 5.8
5.9 19.9 0.9
8 21.5 0
12.5 23.8 0
11 24.9 0.5
11.4 23.4 0
10.4 23.4 0
6.6 23.1 0
6.6 24.7 0
9.1 25.5 0
9.8 23.8 0
8.5 24.6 0
10.4 21.4 0.3
11.8 18.4 0
9.7 22.8 0.4
11.7 21.9 7.6
14.5 23.4 0
15.5 25.5 0
12.6 25.4 0
11.5 26.5 0
11 24.3 0
3.4 18.5 0
11 24.5 0
10 25.5 2.9
6.4 16.4 6
3.7 17.1 0
8 19.6 0
7.5 16.6 3.1
9.4 13.7 0.4
8.4 20.9 0
12.1 17 6.3
8.8 18.5 5.1
6.2 21.9 0
13.5 21.6 0
6.7 20.4 0
6.6 21.7 0
12.4 20 0
9.1 16.9 0.3
7 15.5 1.1
5.5 22.4 0
10.6 25.9 0
10.7 21.4 0
11.5 18.8 7.8
11.8 18.9 1.2
5.7 18.1 0
9.4 17.7 0
6.2 19.2 0
12.2 19.3 1.4
7 19.2 3.5
11.1 20.7 17.5
10.3 20.2 0
10.1 18.5 0
11.3 18.2 0.2
10.5 20.6 0
10.2 17.4 4.5
9.2 14.6 0.6
11.1 22.1 1.1
11.5 22.8 0
13.4 20.4 0.1
13.1 21 0
10.1 22.8 0
9.8 18.4 0
10.6 24.8 0
12.9 22.1 4.1
11.6 23.5 0
10.2 19.9 23
9 15.4 7
8.4 15.6 7.6
8.9 20.2 0
10 23.2 0
11.7 25.4 0
15.4 24.8 0
13.6 19.4 11
14.3 17.7 7.2
12 20 0
13.4 21.9 0.3
13.4 22.9 0.5
11.6 23.1 1.4
13.2 23.1 0
14.2 25.1 1.2
16.9 22.9 0
12.9 20.2 2.8
13 17.3 57.9
12.5 14 60.4
12.3 21.9 2.2
16 22.9 0
12 21.1 1.5
11.2 22.6 4.5
13.4 22.6 0.5
13 21.5 0
11.5 24.5 0
12.5 25.4 4.3
10 20.1 0
9.3 21.8 0
9.6 24.7 0
13.3 26.5 2.4
17 26.5 11.5
15.7 23.3 3.6
12.9 18.7 1.2
13.3 21.4 0
11.5 23.3 0
14.8 19.6 10
10.6 20.3 0
7.6 23.5 0
9.7 20.2 0
7.7 22.5 0
9.5 25.4 0
16.5 27 6.8
10.5 19.4 1
9.4 19.1 0
10.6 18.9 0.1
11.4 18.2 1.7
10.5 18.9 1.6
7.5 16.8 1.4
9.2 19 0
8.7 18.9 2.6
8.1 16.5 0.8
8.4 16.8 0.3
5.7 17.3 0
7.1 15.8 0
8.5 17.2 0.2
10.1 15.1 0.7
9.7 16.6 1.8
10 15.7 0.4
6.3 16.3 0.8
10 15.6 5.9
10.9 15.5 9.8
8.5 13.8 2.7
8.5 15.2 2.8
2.8 14.9 0
5.2 10.7 6.2
2.3 16 0
6.6 10.5 12.8
5.8 7.9 2.4
7.3 10.2 1.1
5.7 8.8 3.7
6.8 14 14.6
8.4 19 8.1
10.6 13.7 4.8
7.5 11.7 0.1
5 9.6 0.4
2 12.7 0
-0.2 14.6 0
4.2 14.5 0
8.9 22.1 0
9.7 17.9 0
4 11 0
4.6 12.2 0
6.9 10.3 0.3
4.3 10.7 4.6
1.1 6.6 0
-0.3 5.2 0
-3.5 7.5 0
-4 6 0
-0.3 9.5 0
2.9 11.5 0.5
4.6 11.2 0
4.2 14.7 0
3.9 14.5 0
7.5 14.3 0
11.7 15.5 0
10.2 14.9 7.8
6.9 13.3 0
9 15.8 6.1
8.4 18 1.3
7 20.5 0
13 18.4 0.3
4.7 13.6 0.3
3.6 6.4 0
1.6 6.2 0
0.1 8.7 0
-2.6 6.8 0
0.8 4.6 0.1
2.1 5.7 7
3.7 5.7 10.4
3 6.2 6.1
0.8 4.1 0.3
0.7 5.5 2.8
-1.3 4 4
-1.1 8.6 0.8
-0.4 6 0
-3.8 1.9 0
-2.9 4.6 0
-1.3 4.9 0
-1.4 1.2 0
-2.1 -0.5 0
-1.9 3.3 0
2.4 4.5 0
0.5 2.7 0.2
0.5 2.2 0
-0.9 1 8.1
-5.3 -0.3 0.1
-12 -5.1 0
-15.2 -8.8 0
-14.5 -7.1 0
-14.4 -5.4 0
-13.7 -4 0
-9.8 -5.7 0
-9.5 -3.5 0
-13.9 -4.7 0
-14.4 -5.1 0
-12.2 -8.1 0
-15 -10.4 0
-16.5 -10.6 0
-11 -5.1 0
-7.6 -2.9 0
-11.1 -4 0
-12.7 -6 0
-12.7 -7.4 0
-14.6 -4.2 0
-12.9 -6.7 0
-10.2 -6.7 0
-9.1 -6.6 0
-7.8 -6.6 0
-13.2 -7 0
-10.7 -5.9 4.3
-6.1 -2.6 1.8
-2.9 3.9 2.4
1.9 4 0.4
2.3 3.6 0
0.1 2.9 0.5
-0.9 1.2 2.1
-0.1 3.1 6.5
-3.2 2 3.5
-0.6 2 0.3
-2.7 0.8 1.1
-1.9 2.8 7.8
-2.9 3.4 1.8
-2.4 1.5 9.1
-0.2 2 0.5
1 2.1 1.1
-0.8 2.1 0
-0.5 6 9.5
-2.4 1 0
-3.7 -1.7 3.4
-3.6 -0.2 5.5
-3.9 1.2 0.8
-4 1 0
-0.4 1.2 12.8
-2.7 0.6 0
-0.9 0.4 0
-4.7 -0.2 0
-4.8 -1.5 0
-1.7 2.3 5.9